0.0 0.9446930416666667
1.0 0.9598932916666667
2.0 0.9320901666666667
3.0 0.9620206666666666
4.0 0.9669001666666667
5.0 0.9004782083333334
6.0 0.938698625
7.0 0.9572854583333333
8.0 0.9302988333333333
9.0 0.889573125
10.0 0.94926775
11.0 0.9082548333333333
12.0 0.94010225
13.0 0.9324600416666666
14.0 0.9237715416666666
15.0 0.9416815416666666
16.0 0.9501570833333334
17.0 0.9530163333333334
18.0 0.9357076666666667
19.0 0.936637625
20.0 0.8539293333333333
21.0 0.9248256666666667
22.0 0.9572454583333333
23.0 0.9244759166666666
24.0 0.952421125
