0.0 0.9385479583333334
1.0 0.98196675
2.0 0.9805715
3.0 0.9763942083333333
4.0 0.9636112083333334
5.0 0.9440710833333333
6.0 0.941133
7.0 0.9760580416666667
8.0 0.9378627916666666
9.0 0.9852397916666666
10.0 0.9834905833333334
11.0 0.976830375
12.0 0.9711271666666667
13.0 0.978133375
14.0 0.941047
15.0 0.9710857916666666
16.0 0.9783096666666666
17.0 0.9250997916666667
18.0 0.9587804583333334
19.0 0.9661539583333334
20.0 0.9715575833333333
21.0 0.970287
22.0 0.9742752916666667
23.0 0.9329407916666667
24.0 0.9782547500000001
